# Wall shear stress     
# Time                  	patch                   	min                     	max                     
10000                   	bottom	(-2.6144215494411571e-01 -9.8705532412637021e-14 9.9999999999917291e-17)	(-2.6144215492101558e-01 3.3369991263796629e-14 1.0000000000009105e-16)
20000                   	bottom	(-2.6048910119854973e-01 -5.4998544621054542e-14 9.9999999999974557e-17)	(-2.6048910118556906e-01 1.7194471532194957e-14 1.0000000000003195e-16)
30000                   	bottom	(-2.6048752061980818e-01 -1.8608896008731269e-15 9.9999999999999295e-17)	(-2.6048752061914582e-01 1.8317929439031354e-15 1.0000000000000109e-16)
40000                   	bottom	(-2.6048751730472886e-01 9.7088292729559369e-16 9.9999999999999949e-17)	(-2.6048751730472275e-01 1.0221260761273160e-15 1.0000000000000005e-16)
50000                   	bottom	(-2.6048751727682223e-01 9.9447432421824197e-16 9.9999999999999986e-17)	(-2.6048751727682018e-01 1.0066384935108095e-15 1.0000000000000002e-16)
60000                   	bottom	(-2.6048751727592045e-01 9.9024562961876844e-16 9.9999999999999986e-17)	(-2.6048751727591568e-01 1.0142833598403038e-15 1.0000000000000002e-16)
70000                   	bottom	(-2.6048751727587455e-01 9.8951479322860012e-16 9.9999999999999961e-17)	(-2.6048751727587111e-01 1.0143691954547076e-15 1.0000000000000003e-16)
80000                   	bottom	(-2.6048751727587516e-01 9.8774296482629146e-16 9.9999999999999986e-17)	(-2.6048751727587222e-01 1.0117854914806076e-15 1.0000000000000001e-16)
90000                   	bottom	(-2.6048751727587477e-01 9.8591442597848342e-16 9.9999999999999998e-17)	(-2.6048751727587055e-01 1.0131071873606642e-15 9.9999999999999998e-17)
100000                  	bottom	(-2.6048751727587494e-01 9.9029107831186209e-16 9.9999999999999998e-17)	(-2.6048751727587288e-01 1.0059346439631466e-15 9.9999999999999998e-17)
110000                  	bottom	(-2.6048751727587549e-01 9.8873423062547699e-16 9.9999999999999973e-17)	(-2.6048751727587111e-01 1.0110209789969429e-15 1.0000000000000002e-16)
120000                  	bottom	(-2.6048751727587538e-01 9.8818222308905349e-16 9.9999999999999973e-17)	(-2.6048751727587177e-01 1.0172830294971529e-15 1.0000000000000001e-16)
130000                  	bottom	(-2.6048751727587355e-01 9.9211281908395948e-16 9.9999999999999973e-17)	(-2.6048751727587111e-01 1.0065794093953856e-15 1.0000000000000002e-16)
140000                  	bottom	(-2.6048751727587632e-01 9.8920024172644451e-16 9.9999999999999998e-17)	(-2.6048751727587238e-01 1.0147278209111606e-15 9.9999999999999998e-17)
150000                  	bottom	(-2.6048751727587616e-01 9.9278589359868707e-16 9.9999999999999986e-17)	(-2.6048751727587183e-01 1.0177409089210508e-15 9.9999999999999998e-17)
160000                  	bottom	(-2.6048751727587366e-01 9.9217231964135867e-16 9.9999999999999973e-17)	(-2.6048751727587149e-01 1.0063805933075217e-15 1.0000000000000002e-16)
170000                  	bottom	(-2.6048751727587371e-01 9.9587797715130168e-16 9.9999999999999986e-17)	(-2.6048751727587177e-01 1.0058247949573946e-15 1.0000000000000001e-16)
180000                  	bottom	(-2.6048751727587438e-01 9.9252588135796284e-16 9.9999999999999961e-17)	(-2.6048751727587272e-01 1.0066017281238717e-15 1.0000000000000003e-16)
190000                  	bottom	(-2.6048751727587383e-01 9.9070306610741452e-16 9.9999999999999973e-17)	(-2.6048751727587199e-01 1.0061087709947015e-15 1.0000000000000002e-16)
200000                  	bottom	(-2.6048751727587532e-01 9.8538940141357754e-16 9.9999999999999973e-17)	(-2.6048751727587111e-01 1.0096520583933437e-15 1.0000000000000003e-16)
210000                  	bottom	(-2.6048751727587410e-01 9.8961923510828914e-16 9.9999999999999986e-17)	(-2.6048751727587111e-01 1.0115550981692050e-15 1.0000000000000001e-16)
220000                  	bottom	(-2.6048751727587399e-01 9.9066992082283438e-16 9.9999999999999998e-17)	(-2.6048751727587111e-01 1.0085744137483972e-15 9.9999999999999998e-17)
230000                  	bottom	(-2.6048751727587471e-01 9.8861114487817709e-16 9.9999999999999986e-17)	(-2.6048751727587166e-01 1.0102657517088146e-15 1.0000000000000001e-16)
