# Wall shear stress     
# Time                  	patch                   	min                     	max                     
10000                   	bottom	(-1.2375652473717031e+00 -1.0351945424376555e-04 9.9999999999999998e-17)	(-1.2375647921619062e+00 -1.0350041898960424e-04 9.9999999999999998e-17)
20000                   	bottom	(-1.2373807026046122e+00 -1.0331037851228880e-04 9.9999999999999998e-17)	(-1.2373807022878278e+00 -1.0331037131783241e-04 9.9999999999999998e-17)
30000                   	bottom	(-1.2373818458220915e+00 -1.0331078243144579e-04 9.9999999999999998e-17)	(-1.2373818458208512e+00 -1.0331078238676193e-04 9.9999999999999998e-17)
40000                   	bottom	(-1.2373818441034685e+00 -1.0331078237845887e-04 9.9999999999999998e-17)	(-1.2373818441034408e+00 -1.0331078237733216e-04 9.9999999999999998e-17)
50000                   	bottom	(-1.2373818440542845e+00 -1.0331078236846085e-04 9.9999999999999998e-17)	(-1.2373818440542494e+00 -1.0331078236732621e-04 9.9999999999999998e-17)
60000                   	bottom	(-1.2373818440543651e+00 -1.0331078236812490e-04 9.9999999999999998e-17)	(-1.2373818440543305e+00 -1.0331078236729719e-04 9.9999999999999998e-17)
70000                   	bottom	(-1.2373818440543745e+00 -1.0331078236837409e-04 9.9999999999999998e-17)	(-1.2373818440543176e+00 -1.0331078236675218e-04 9.9999999999999998e-17)
80000                   	bottom	(-1.2373818440543609e+00 -1.0331078236815611e-04 9.9999999999999998e-17)	(-1.2373818440543318e+00 -1.0331078236711699e-04 9.9999999999999998e-17)
90000                   	bottom	(-1.2373818440543727e+00 -1.0331078236858693e-04 9.9999999999999998e-17)	(-1.2373818440543329e+00 -1.0331078236740438e-04 9.9999999999999998e-17)
100000                  	bottom	(-1.2373818440543625e+00 -1.0331078236821649e-04 9.9999999999999998e-17)	(-1.2373818440543447e+00 -1.0331078236725009e-04 9.9999999999999998e-17)
