# Wall shear stress     
# Time                  	patch                   	min                     	max                     
10000                   	bottom	(-1.2402824181061747e+00 -1.7963473960359554e-04 9.9999999999999998e-17)	(-1.2402824169560762e+00 -1.7963458621530045e-04 9.9999999999999998e-17)
20000                   	bottom	(-1.2402846740597244e+00 -1.7963461390041045e-04 9.9999999999999998e-17)	(-1.2402846740596505e+00 -1.7963461389277605e-04 9.9999999999999998e-17)
30000                   	bottom	(-1.2402846741567664e+00 -1.7963461389419177e-04 9.9999999999999998e-17)	(-1.2402846741567595e+00 -1.7963461389179864e-04 9.9999999999999998e-17)
40000                   	bottom	(-1.2402846741567717e+00 -1.7963461389915977e-04 9.9999999999999998e-17)	(-1.2402846741567564e+00 -1.7963461389329218e-04 9.9999999999999998e-17)
50000                   	bottom	(-1.2402846741567701e+00 -1.7963461389422795e-04 9.9999999999999998e-17)	(-1.2402846741567584e+00 -1.7963461388863705e-04 9.9999999999999998e-17)
60000                   	bottom	(-1.2402846741567644e+00 -1.7963461390293337e-04 9.9999999999999998e-17)	(-1.2402846741567428e+00 -1.7963461389367737e-04 9.9999999999999998e-17)
70000                   	bottom	(-1.2402846741567610e+00 -1.7963461390412604e-04 9.9999999999999998e-17)	(-1.2402846741567406e+00 -1.7963461389331760e-04 9.9999999999999998e-17)
80000                   	bottom	(-1.2402846741567888e+00 -1.7963461389382807e-04 9.9999999999999998e-17)	(-1.2402846741567726e+00 -1.7963461388800496e-04 9.9999999999999998e-17)
90000                   	bottom	(-1.2402846741567910e+00 -1.7963461390815453e-04 9.9999999999999998e-17)	(-1.2402846741567557e+00 -1.7963461389377237e-04 9.9999999999999998e-17)
100000                  	bottom	(-1.2402846741567646e+00 -1.7963461389411891e-04 9.9999999999999998e-17)	(-1.2402846741567575e+00 -1.7963461389200361e-04 9.9999999999999998e-17)
